976.0419921875
410.54058837890625
219.1375732421875
204.466064453125
178.39097595214844
153.07266235351562
135.22262573242188
124.11993408203125
117.09843444824219
114.25691223144531
112.99371337890625
111.83848571777344
111.01953125
110.37442016601562
109.65298461914062
108.84983825683594
108.00433349609375
107.25305938720703
106.48678588867188
105.92840576171875
105.43487548828125
104.92928314208984
104.41809844970703
103.99200439453125
103.52808380126953
103.10015869140625
102.68569946289062
102.2681884765625
101.89053344726562
101.59840393066406
101.3346939086914
101.07012176513672
100.82217407226562
100.55479431152344
100.32286834716797
100.097900390625
99.8811264038086
99.66172790527344
99.49472045898438
99.33665466308594
99.18551635742188
99.00340270996094
98.8087158203125
98.68840026855469
98.52519989013672
98.35936737060547
98.20748138427734
98.04572296142578
97.912841796875
97.79510498046875
97.65348052978516
97.55146789550781
97.46526336669922
97.34733581542969
97.25916290283203
97.14628601074219
97.03421783447266
96.94998931884766
96.85337829589844
96.76885986328125
96.6747817993164
96.59678649902344
96.48629760742188
96.4078369140625
96.33934783935547
96.31807708740234
96.29598236083984
96.1761245727539
96.03285217285156
95.99491882324219
95.94764709472656
95.88058471679688
95.82727813720703
95.77190399169922
95.71651458740234
95.64697265625
95.60702514648438
95.53748321533203
95.45890808105469
95.40515899658203
95.37619018554688
95.32077026367188
95.261474609375
95.19889068603516
95.16075897216797
95.11107635498047
95.04711151123047
95.006103515625
94.93806457519531
94.87820434570312
94.84716796875
94.78338623046875
94.74872589111328
94.78926086425781
94.85467529296875
94.8651123046875
94.85579681396484
94.88478088378906
94.90022277832031
94.90067291259766
94.88484191894531
94.83541870117188
94.80394744873047
94.74492645263672
94.69879913330078
94.64634704589844
94.68309020996094
94.66496276855469
94.6588134765625
94.65174102783203
94.58537292480469
94.52661895751953
94.49225616455078
94.42962646484375
94.38792419433594
94.35143280029297
94.29121398925781
94.25724792480469
94.22563171386719
94.16372680664062
94.15312194824219
94.12113952636719
94.0779037475586
94.08185577392578
94.08271026611328
94.10546112060547
94.07169342041016
93.98577880859375
93.88468170166016
93.82733154296875
93.8138198852539
93.81841278076172
93.78831481933594
93.72317504882812
93.66294860839844
93.65746307373047
93.64714050292969
93.62337493896484
93.58121490478516
93.5563735961914
93.52226257324219
93.4841537475586
93.44922637939453
93.4221420288086
93.39501190185547
93.41498565673828
93.41026306152344
93.39909362792969
93.39408874511719
93.43902587890625
93.50263214111328
93.58692169189453
93.78610229492188
93.85421752929688
93.69718170166016
93.41766357421875
93.29808044433594
93.32764434814453
93.37468719482422
93.29335021972656
93.26168060302734
93.24573516845703
93.25874328613281
93.15148162841797
93.0466537475586
93.0921401977539
93.16106414794922
93.17864227294922
93.14478302001953
93.11485290527344
93.0821533203125
93.06671142578125
92.95941925048828
92.92794036865234
92.97884368896484
93.03971862792969
93.67736053466797
94.4415512084961
94.73532104492188
94.83390045166016
94.91355895996094
95.01724243164062
95.11595153808594
95.2794189453125
95.79130554199219
95.87956237792969
95.4981689453125
94.91716766357422
94.49015808105469
94.84455108642578
94.91781616210938
94.43135070800781
94.10609436035156
94.30340576171875
94.35223388671875
94.03987121582031
93.88040924072266
94.00132751464844
93.89244842529297
93.7195816040039
93.65613555908203
93.69558715820312
93.52081298828125
93.4351806640625
93.45646667480469
93.37763214111328
93.24344635009766
93.27423858642578
93.2242431640625
93.13778686523438
93.04545593261719
93.0944595336914
93.02518463134766
92.90697479248047
92.87442016601562
92.88114166259766
92.8537368774414
92.76643371582031
92.70867156982422
92.70110321044922
92.6685562133789
92.6834487915039
92.63983154296875
92.5948715209961
92.580078125
92.52906036376953
92.532958984375
92.52229309082031
92.48909759521484
92.47978210449219
92.45863342285156
92.46910858154297
92.4744644165039
92.39163208007812
92.4045181274414
92.44804382324219
92.58523559570312
92.81813049316406
93.29550170898438
93.81382751464844
93.78153991699219
92.96192932128906
92.20746612548828
92.39372253417969
93.09159088134766
93.05836486816406
92.46597290039062
92.11868286132812
92.43102264404297
92.7245864868164
92.26201629638672
92.0540542602539
92.31145477294922
92.35382843017578
92.04957580566406
91.94158172607422
92.51293182373047
93.0365982055664
93.39002227783203
93.81883239746094
94.13028717041016
94.12893676757812
93.80734252929688
93.5325927734375
93.54718780517578
93.3952407836914
93.2311782836914
93.09819793701172
93.05784606933594
92.94036865234375
92.81333923339844
92.80685424804688
92.74081420898438
92.58688354492188
92.67449188232422
92.6379623413086
92.67243194580078
92.74053955078125
92.7931137084961
92.80738830566406
92.81990051269531
92.7841796875
92.79397583007812
92.86312103271484
92.87068939208984
92.88134002685547
92.85855865478516
92.87781524658203
92.92525482177734
93.01315307617188
93.01521301269531
93.01803588867188
92.91168212890625
92.86529541015625
92.86612701416016
92.85604095458984
92.78965759277344
92.7310562133789
92.75489044189453
92.75997924804688
92.6877670288086
92.56514739990234
92.53475189208984
92.40393829345703
92.40228271484375
92.3531723022461
92.36473846435547
92.3271484375
92.34190368652344
92.22146606445312
92.25944519042969
92.2258529663086
92.21849822998047
92.19049072265625
92.20746612548828
92.15052032470703
92.15704345703125
92.12510681152344
92.1242904663086
92.14073181152344
92.10188293457031
92.05487823486328
92.07185363769531
92.03662872314453
92.06812286376953
92.04959106445312
91.98223876953125
92.02373504638672
91.99775695800781
91.98715209960938
91.96391296386719
91.95101928710938
91.96466827392578
91.91011810302734
91.9588623046875
91.8807144165039
91.91935729980469
91.91983032226562
91.84942626953125
91.90292358398438
91.89595794677734
91.83516693115234
91.86477661132812
91.84439849853516
91.83451843261719
91.8432388305664
91.81449890136719
91.7899398803711
91.79483032226562
91.76771545410156
91.80693817138672
91.81226348876953
91.78429412841797
91.80913543701172
91.7806396484375
91.74419403076172
91.79349517822266
91.77274322509766
91.73828125
91.76811981201172
91.739013671875
91.73561096191406
91.72409057617188
91.7175521850586
91.73584747314453
91.71321105957031
91.74750518798828
91.68988037109375
91.72339630126953
91.71176147460938
91.68070220947266
91.67845153808594
91.71435546875
91.70643615722656
91.70503997802734
91.68930053710938
91.70115661621094
91.67484283447266
91.64495086669922
91.67449951171875
91.65380096435547
91.65723419189453
91.66102600097656
91.65581512451172
91.67259979248047
91.65907287597656
91.64407348632812
91.618408203125
91.60493469238281
91.61502838134766
91.64872741699219
91.64631652832031
91.62320709228516
91.62380981445312
91.59017181396484
91.61434936523438
91.57716369628906
91.56550598144531
91.5936508178711
91.59044647216797
91.57014465332031
91.58190155029297
91.55635070800781
91.55581665039062
91.51024627685547
91.51448059082031
91.5159683227539
91.52996063232422
91.52813720703125
91.55362701416016
91.48805236816406
91.546630859375
91.55043029785156
91.52849578857422
91.52399444580078
91.49715423583984
91.4811782836914
91.53324890136719
91.4800033569336
91.48458099365234
91.52008056640625
91.49300384521484
91.48457336425781
91.51528930664062
91.4809341430664
91.54985809326172
91.494140625
91.45467376708984
91.50676727294922
91.52716827392578
91.45435333251953
91.46443939208984
91.47499084472656
91.46561431884766
91.45955657958984
91.45648193359375
91.4261474609375
91.48416137695312
91.45915222167969
91.46717071533203
91.43083190917969
91.43621063232422
91.45984649658203
91.42809295654297
91.45329284667969
91.42015838623047
91.3833999633789
91.40629577636719
91.37271118164062
91.36930084228516
91.3886947631836
91.41423034667969
91.32512664794922
91.37821197509766
91.40193939208984
91.3639144897461
91.32056427001953
91.3396224975586
91.34331512451172
91.32545471191406
91.3279037475586
91.31360626220703
91.30292510986328
91.33363342285156
91.29956817626953
91.34453582763672
91.32889556884766
91.30908966064453
91.29893493652344
91.32013702392578
91.31278991699219
91.26563262939453
91.25556945800781
91.29460906982422
91.30244445800781
91.24346923828125
91.30402374267578
91.2442626953125
91.26294708251953
91.22222900390625
91.25972747802734
91.25712585449219
91.26121520996094
91.24675750732422
91.24686431884766
91.24703216552734
91.22953033447266
91.231201171875
91.27098846435547
91.18814086914062
91.25617218017578
91.21320343017578
91.19527435302734
91.20584106445312
91.18067932128906
91.20524597167969
91.19660949707031
91.1847915649414
91.17220306396484
91.20663452148438
91.19893646240234
91.16010284423828
91.18717956542969
91.16519927978516
91.1450424194336
91.19356536865234
91.15506744384766
91.18482208251953
91.14302825927734
91.18380737304688
91.13555908203125
91.13692474365234
91.1510009765625
91.18289184570312
91.0937728881836
91.09339904785156
91.10725402832031
91.1104965209961
91.09274291992188
91.14276123046875
91.10608673095703
91.08099365234375
91.12962341308594
91.11185455322266
91.11953735351562
91.1091537475586
91.11084747314453
91.06884765625
91.10359191894531
91.04219818115234
91.06482696533203
91.026611328125
91.0264892578125
91.0173568725586
91.0279541015625
91.02655029296875
91.0436782836914
90.99066162109375
91.01254272460938
90.97610473632812
91.03289794921875
91.01421356201172
91.05580139160156
91.02008819580078
90.9943618774414
91.03156280517578
91.015625
90.99321746826172
90.95379638671875
91.00399017333984
90.99055480957031
90.95950317382812
90.95672607421875
90.9404296875
90.96946716308594
90.93740844726562
90.94821166992188
90.9085693359375
90.9217300415039
90.92861938476562
90.9223861694336
90.91594696044922
90.95174407958984
90.92191314697266
90.96192169189453
90.88955688476562
90.87843322753906
90.9154052734375
90.93070220947266
90.90608978271484
90.90692901611328
90.90347290039062
90.90177917480469
90.91516876220703
90.89772033691406
90.88660430908203
90.89478302001953
90.87623596191406
90.87458801269531
90.9134292602539
90.89619445800781
90.87290954589844
90.79469299316406
90.86054992675781
90.8727035522461
90.85306549072266
90.89982604980469
90.839111328125
90.84483337402344
90.83097076416016
90.8427734375
90.8536605834961
90.83062744140625
90.7818603515625
90.82673645019531
90.80072021484375
90.80890655517578
90.83556365966797
90.80126190185547
90.8704833984375
90.84031677246094
90.84883880615234
90.82518768310547
90.82414245605469
90.82268524169922
90.78759002685547
90.8139419555664
90.78663635253906
90.80377197265625
90.76598358154297
90.8265609741211
90.78903198242188
90.7690658569336
90.7592544555664
90.75074768066406
90.7956771850586
90.77681732177734
90.75495910644531
90.77421569824219
90.77278900146484
90.78527069091797
90.75791931152344
90.72064971923828
90.73200988769531
90.7535171508789
90.76104736328125
90.78141784667969
90.72686004638672
90.74434661865234
90.69970703125
90.73816680908203
90.72541046142578
90.67498016357422
90.70435333251953
90.7367172241211
90.68233489990234
90.68838500976562
90.70726776123047
90.7003402709961
90.65574645996094
90.68487548828125
90.67374420166016
90.66300201416016
90.69224548339844
90.66067504882812
90.6648178100586
90.67554473876953
90.63021850585938
90.66246032714844
90.5981674194336
90.63056182861328
90.64306640625
90.59569549560547
90.6156997680664
90.63362884521484
90.63227081298828
90.61811828613281
90.62246704101562
90.63165283203125
90.6213150024414
90.60623931884766
90.59269714355469
90.56861114501953
90.60279083251953
90.5902099609375
90.60055541992188
90.57264709472656
90.59125518798828
90.58995056152344
90.56525421142578
90.55375671386719
90.57928466796875
90.54641723632812
90.56749725341797
90.53627014160156
90.58927154541016
90.56069946289062
90.51639556884766
90.55560302734375
90.56745147705078
90.55342864990234
90.55836486816406
90.57769775390625
90.53104400634766
90.5386734008789
90.55398559570312
90.5228271484375
90.55368041992188
90.54905700683594
90.50704956054688
90.55204010009766
90.53204345703125
90.49929809570312
90.54926300048828
90.52714538574219
90.5443115234375
90.5275650024414
90.52094268798828
90.57345581054688
90.51077270507812
90.4830322265625
90.49337005615234
90.49019622802734
90.52336883544922
90.53155517578125
90.47080993652344
90.4697494506836
90.45051574707031
90.49414825439453
90.49666595458984
90.50137329101562
90.52147674560547
90.50706481933594
90.45033264160156
90.50077819824219
90.41436004638672
90.423095703125
90.44320678710938
90.46392059326172
90.44840240478516
90.43980407714844
90.44660949707031
90.46968078613281
90.44514465332031
90.40763854980469
90.45999908447266
90.42864990234375
90.4358139038086
90.4254150390625
90.4365005493164
90.42367553710938
90.4514389038086
90.40261840820312
90.43909454345703
90.42308807373047
90.42964172363281
90.41571044921875
90.43321228027344
90.43740844726562
90.37055969238281
90.41361999511719
90.42138671875
90.43913269042969
90.434326171875
90.39431762695312
90.43638610839844
90.36267852783203
90.40435791015625
90.4052505493164
90.37853240966797
90.33653259277344
90.36363983154297
90.33909606933594
90.39785766601562
90.3290023803711
90.35428619384766
90.34221649169922
90.34819030761719
90.30973052978516
90.3230972290039
90.31404113769531
90.29984283447266
90.30206298828125
90.27913665771484
90.26547241210938
90.27020263671875
90.30506896972656
90.2986831665039
90.283447265625
90.2647705078125
90.25445556640625
90.26891326904297
90.2728042602539
90.28739166259766
90.28730773925781
90.27609252929688
90.24616241455078
90.24541473388672
90.22522735595703
90.24824523925781
90.23474884033203
90.21446990966797
90.2032699584961
90.25148010253906
90.17842102050781
90.22330474853516
90.21956634521484
90.20389556884766
90.27601623535156
90.15680694580078
90.20069122314453
90.18890380859375
90.21202087402344
90.23796081542969
90.18492889404297
90.16859436035156
90.19770812988281
90.1622085571289
90.12943267822266
90.16561126708984